i001_2001_F 1 1 2 1 1 0 0 1 1 1 1 1 0 0 1 1 0 2 1 1 1 2 1 0 2 -9 1 0 0 1 2 1 1 1 2 2 -9 0 1 -9 0 -9 2 0 0 0 0 1 0 1 0 1 0 0 1 0 2 2 1 0 1 1 1 0 1 0 1 1 0 0 1 1 1 1 2 1 2 1 0 1 0 1 1 1 0 1 2 -9 1 1 1 0 1 0 0 0 0 2 2 1
i002_2001_M 0 2 2 0 0 2 1 1 1 1 1 2 1 0 2 1 1 2 1 1 0 1 0 2 1 0 2 1 1 1 0 1 0 -9 2 1 0 1 1 0 1 0 0 1 2 1 -9 1 0 2 0 1 0 0 0 0 0 0 1 1 0 1 2 1 2 0 1 1 0 1 0 1 2 1 1 0 0 2 1 0 0 1 1 1 2 1 1 0 2 0 0 1 0 0 1 0 1 1 2 1
i003_2001_M 1 2 1 1 1 2 1 0 0 1 0 2 2 0 2 2 1 0 0 0 1 1 1 0 1 1 1 0 1 0 2 0 1 1 1 1 1 0 0 2 1 0 2 0 0 1 -9 1 1 2 1 1 1 1 0 0 -9 0 2 0 1 2 1 0 1 1 0 0 0 0 0 1 2 0 -9 1 0 0 1 -9 1 2 0 0 2 1 0 0 2 1 0 1 2 0 0 0 1 2 0 1
i004_2001_F 0 1 0 2 0 1 0 1 1 0 0 -9 0 0 2 1 1 0 2 1 1 1 0 0 2 1 1 1 2 1 1 1 0 1 1 1 0 0 1 -9 1 1 0 1 1 0 1 1 0 2 1 0 0 0 1 2 2 2 1 0 1 2 0 0 1 1 0 0 2 0 2 0 0 1 -9 0 0 1 1 0 1 1 0 1 1 -9 2 0 1 1 2 2 0 1 1 1 1 0 -9 0
i005_2001_F 1 2 -9 1 1 0 0 1 0 -9 2 1 2 2 2 1 0 0 1 2 -9 0 0 0 1 1 0 0 -9 2 0 1 1 0 1 0 2 0 1 1 2 2 0 1 1 -9 1 -9 0 1 0 1 1 1 2 1 0 1 1 0 1 2 0 1 1 0 0 1 2 1 0 1 1 0 1 1 2 0 1 1 1 1 1 0 0 0 1 0 1 1 0 1 0 0 1 1 0 1 2 1
i006_2001_M 1 0 0 1 1 0 2 0 1 1 0 1 1 1 1 1 1 0 2 1 0 1 0 1 1 1 0 2 0 1 0 2 1 1 -9 1 0 1 1 -9 1 2 1 0 1 1 1 -9 1 2 0 0 0 0 1 1 1 1 2 0 0 1 0 1 0 1 -9 0 0 -9 0 0 -9 0 0 2 1 2 0 1 0 2 -9 1 0 0 0 0 1 -9 1 0 0 0 1 1 1 0 1 1
i007_2001_F 1 2 0 0 -9 1 1 1 2 0 0 1 2 0 1 1 1 1 1 0 1 1 0 0 2 1 0 1 -9 1 0 1 1 1 1 1 1 1 -9 -9 2 0 -9 2 1 0 1 1 0 0 1 0 1 0 0 1 2 1 0 2 2 1 0 1 1 1 1 1 0 1 1 -9 1 2 1 1 0 0 2 1 0 1 0 1 1 0 0 2 1 1 1 2 1 1 1 0 1 1 1 2
i008_2001_M 0 1 1 0 1 1 0 0 1 0 1 2 2 2 0 1 0 1 2 0 1 2 1 0 0 1 -9 0 1 1 0 0 0 1 1 1 2 0 1 1 0 0 2 1 0 1 0 2 1 1 0 1 1 2 1 2 1 2 0 0 0 2 0 1 1 0 0 0 1 1 1 0 1 1 2 2 0 0 0 1 1 1 1 2 1 2 2 2 2 2 0 0 2 -9 1 2 2 1 0 2
i009_2001_M 2 1 2 2 1 0 1 1 1 0 1 1 1 1 0 1 1 2 1 -9 -9 0 -9 2 0 1 0 1 1 0 0 0 0 0 0 0 1 1 0 1 1 0 0 1 1 0 0 0 1 1 0 1 0 1 -9 0 0 1 1 2 0 1 1 0 1 0 0 1 1 1 0 0 1 2 1 2 1 1 0 0 1 1 1 1 1 1 2 1 0 2 0 1 2 1 1 0 -9 0 2 1
i010_2001_M 0 1 1 0 1 0 1 0 1 1 0 2 0 2 1 2 2 -9 2 1 0 1 1 1 2 0 1 0 0 2 1 1 1 1 0 0 0 2 1 1 0 -9 1 1 1 1 0 1 1 0 0 1 0 1 1 1 2 0 0 2 1 -9 0 1 1 1 1 2 1 0 1 2 1 1 0 1 0 1 1 0 1 0 1 1 2 1 0 0 2 1 0 1 0 1 2 2 1 2 1 0
i011_2001_F 1 0 -9 1 0 1 0 1 0 0 2 1 1 0 2 0 0 1 0 0 2 2 0 0 1 -9 0 0 0 0 0 0 0 1 0 0 1 0 0 2 0 1 0 -9 1 0 2 1 2 2 0 2 0 1 1 1 1 1 0 0 0 2 1 1 1 0 1 1 1 1 1 0 2 1 1 0 0 1 2 0 1 2 0 2 0 1 1 1 0 1 0 1 1 0 0 1 1 1 1 2
i012_2001_F 1 2 -9 0 1 0 0 1 0 1 1 -9 1 0 0 0 0 0 1 2 0 0 1 2 1 0 2 1 1 0 1 0 0 1 0 1 2 0 2 2 0 0 0 1 0 1 2 0 1 0 0 1 0 1 1 0 2 1 2 0 1 2 1 0 1 0 0 0 1 1 1 0 1 1 -9 0 0 1 1 -9 0 1 0 1 1 0 1 1 0 0 0 1 1 -9 1 1 2 2 1 0
i013_2001_F 0 0 1 1 0 0 0 1 1 2 0 2 0 1 2 2 0 -9 2 0 2 2 1 0 1 2 1 1 1 1 1 1 2 1 1 1 1 0 0 1 2 1 0 0 1 2 1 0 1 2 2 1 0 0 0 2 2 1 2 0 0 1 2 2 0 1 0 0 1 0 2 2 1 2 2 2 0 1 1 -9 0 0 0 1 0 0 0 0 2 1 1 0 2 0 0 1 0 0 1 1
i014_2001_F 0 0 -9 1 1 1 1 1 1 0 1 1 1 1 0 2 1 1 1 1 1 2 0 1 1 1 0 2 1 1 0 0 2 1 2 1 0 0 2 1 0 -9 1 1 0 1 0 2 1 0 0 1 0 1 0 1 1 1 0 0 1 0 1 0 1 2 -9 1 1 0 0 0 1 0 1 0 0 1 1 0 1 1 0 2 1 1 0 1 1 1 0 1 1 -9 2 1 2 2 2 1
i015_2001_F 0 1 -9 0 1 1 1 0 1 1 1 1 1 0 1 1 1 0 0 2 0 0 2 1 2 1 1 0 1 0 0 1 1 1 1 0 1 1 1 1 0 1 0 2 1 1 -9 1 0 1 0 1 0 1 2 0 1 0 1 1 1 1 2 0 2 -9 0 0 1 1 1 0 1 2 2 1 1 1 2 1 0 1 1 2 1 1 0 0 1 1 1 0 1 0 2 1 1 1 2 1
i016_2001_M 0 1 -9 0 1 1 2 2 0 0 1 2 1 2 1 1 1 0 1 0 1 1 1 0 2 1 2 1 1 1 0 0 1 0 0 0 1 0 1 -9 2 0 2 1 1 1 1 1 1 2 0 1 0 0 1 1 0 0 1 0 0 -9 0 1 1 0 -9 2 0 1 1 1 1 0 -9 1 1 2 2 2 1 0 0 2 1 1 1 1 2 2 1 0 -9 0 0 -9 1 1 0 1
i017_2001_F 1 2 1 0 1 0 0 1 1 1 0 0 0 1 1 1 0 1 2 2 0 0 1 0 1 2 1 0 2 1 2 1 2 0 1 -9 0 0 2 1 1 1 1 2 1 0 -9 0 0 2 0 1 0 1 0 1 0 1 0 2 0 1 0 1 0 1 0 1 1 2 0 1 1 1 1 0 1 1 2 2 2 1 0 0 1 0 0 0 1 0 -9 0 1 0 2 0 0 1 0 1
i018_2001_M 1 1 0 1 0 1 1 -9 2 1 1 1 0 2 -9 1 1 0 2 1 0 1 1 0 1 1 1 2 1 1 0 1 0 1 0 0 2 2 1 0 0 -9 0 0 0 1 -9 1 1 1 1 0 0 2 1 1 0 0 1 1 1 1 0 1 2 1 1 1 2 0 2 1 1 1 2 1 2 1 0 1 1 1 1 0 0 1 2 2 1 1 0 2 1 0 2 1 -9 1 0 0
i019_2001_M 2 2 1 1 0 2 1 0 0 0 0 0 0 1 1 2 1 1 2 1 1 1 0 2 1 0 2 1 1 1 1 1 1 -9 2 0 0 1 1 0 1 1 2 0 1 0 -9 0 -9 1 1 1 0 0 1 1 0 1 1 2 1 0 1 1 1 0 1 2 2 1 2 1 2 2 1 2 0 0 1 -9 0 0 0 1 0 0 1 2 1 1 0 1 0 2 0 1 0 0 0 2
i020_2001_M 0 0 1 1 1 1 1 0 1 1 0 0 0 1 1 2 1 0 1 0 0 1 -9 1 1 0 1 1 0 1 0 1 1 1 2 1 0 1 0 1 0 -9 0 -9 0 0 1 1 0 1 1 1 0 1 2 1 2 2 1 2 1 2 0 1 0 0 0 1 0 1 1 0 1 0 2 2 1 0 2 1 1 0 0 1 1 1 1 1 0 2 0 0 0 0 1 1 1 -9 1 1
i021_2002_M 1 -9 -9 2 2 1 1 1 1 2 -9 0 0 1 2 1 0 1 2 1 1 1 0 0 2 0 -9 0 0 2 1 2 2 1 2 2 -9 0 0 1 0 1 1 0 0 0 1 2 0 2 0 1 0 1 1 1 2 2 1 1 2 1 1 1 0 0 -9 1 0 1 0 1 2 1 2 1 2 1 1 1 1 1 -9 1 1 1 1 -9 0 1 0 0 0 0 1 0 0 1 1 1
i022_2002_F 0 0 0 1 2 1 2 0 2 0 0 2 1 1 0 1 1 0 1 1 0 1 1 0 2 1 1 1 1 1 0 1 0 1 1 0 1 2 0 2 1 1 0 1 1 0 1 1 1 1 0 0 0 1 2 0 0 1 1 1 0 1 1 1 1 0 1 0 1 1 1 0 1 1 1 2 0 1 1 0 0 2 2 1 1 0 0 0 0 1 2 0 1 0 1 1 1 1 2 1
i023_2002_F 2 2 0 0 0 1 1 1 1 0 0 1 1 1 0 1 2 1 2 0 1 2 0 1 2 0 1 1 2 0 0 0 1 2 0 1 -9 1 1 0 2 1 1 1 0 0 0 0 0 1 1 1 1 0 0 1 1 1 1 2 2 0 0 0 1 -9 0 2 1 0 2 1 2 2 -9 2 0 0 2 0 0 1 0 1 0 0 0 2 1 2 0 2 0 2 0 0 1 0 0 2
i024_2002_M 0 0 2 0 0 1 0 2 1 1 0 1 0 0 1 2 1 -9 2 0 1 1 1 2 1 1 2 1 1 0 0 1 1 2 2 1 -9 1 1 1 1 2 0 0 1 2 0 0 0 1 1 0 0 1 0 1 1 1 2 0 0 0 1 1 0 1 0 0 1 0 1 2 0 2 2 2 0 1 0 2 1 0 0 2 1 0 1 0 1 0 1 1 1 0 0 1 0 1 1 1
i025_2002_M 1 1 2 1 0 1 2 0 -9 1 1 1 0 1 0 -9 0 1 2 1 1 -9 0 1 0 1 0 2 0 1 0 0 1 1 1 1 1 1 1 0 0 1 1 -9 0 2 1 1 0 1 1 0 0 2 1 1 1 0 0 0 0 0 0 1 2 2 0 1 1 0 1 1 0 1 -9 0 1 0 1 -9 2 2 0 1 1 1 1 1 1 0 0 1 1 1 2 1 1 2 1 0
i026_2002_M 1 -9 -9 0 1 0 0 1 0 2 0 0 1 0 0 2 0 0 1 1 0 1 1 1 0 0 0 1 1 0 0 0 1 1 0 0 1 2 1 1 1 1 2 2 1 0 1 0 -9 2 0 2 0 1 1 2 1 1 2 1 0 1 1 1 2 2 1 2 -9 0 2 -9 0 1 -9 1 -9 1 1 0 2 0 1 0 1 0 1 2 2 2 1 0 0 0 1 1 -9 1 1 2
i027_2002_F 0 1 -9 0 1 2 1 0 1 0 0 1 1 2 1 1 1 1 1 1 0 0 1 1 1 0 2 2 1 -9 1 0 0 1 -9 0 1 0 0 2 1 1 1 2 2 1 2 1 0 0 1 0 0 1 0 1 1 2 0 0 0 1 2 1 1 0 0 1 0 0 0 2 0 0 -9 0 2 0 1 1 0 0 0 1 0 1 0 1 2 0 0 1 1 0 1 0 1 2 0 2
i028_2002_M 1 2 0 2 0 0 1 -9 0 0 2 1 1 1 1 1 0 0 0 -9 0 1 0 1 2 1 1 0 1 1 0 2 1 1 1 0 1 0 2 1 2 2 1 -9 2 0 2 1 1 1 0 2 -9 0 1 1 0 2 1 0 1 2 0 1 1 0 0 0 1 1 1 2 0 0 2 0 1 0 0 1 0 0 1 0 0 1 1 1 1 2 0 1 1 0 0 0 0 2 2 2
i029_2002_M 1 0 1 2 2 0 0 0 0 0 1 1 1 1 1 2 1 0 2 1 0 2 1 1 1 1 1 0 2 0 2 1 0 1 1 0 1 0 1 -9 0 0 1 -9 1 0 -9 0 1 0 1 0 2 1 0 2 1 1 2 1 0 -9 0 2 2 1 0 0 1 1 0 0 0 2 0 2 1 0 1 2 1 -9 2 2 -9 0 1 1 0 1 1 0 1 0 0 1 0 0 1 2
i030_2002_F 1 1 1 0 2 0 1 1 1 -9 -9 2 1 1 2 1 1 1 2 1 2 2 1 1 2 1 2 1 -9 1 1 1 1 0 1 1 1 0 2 0 1 1 2 1 0 0 0 -9 -9 2 0 2 0 0 2 0 1 1 0 0 0 2 0 0 1 0 1 1 0 0 1 2 1 0 1 0 1 1 1 2 0 1 1 1 0 2 2 1 1 2 2 0 1 0 0 -9 0 2 1 1
